EYESAT-1 (AO-27)        
1 22825U 93061C   16066.85558347  .00000055  00000-0  38916-4 0  9993
2 22825  98.7470  22.5401 0007337 256.0795 103.9571 14.29942369170614
CUTE-1 (CO-55)          
1 27844U 03031E   16067.14043506  .00000179  00000-0  10092-3 0  9997
2 27844  98.6950  76.8843 0008614 256.4012 103.6206 14.21922538657945
CUBESAT XI-IV (CO-57)   
1 27848U 03031J   16066.52334765  .00000138  00000-0  83066-4 0  9999
2 27848  98.7046  76.3176 0008501 267.4989  92.5215 14.21552154657758
CUBESAT XI-V (CO-58)    
1 28895U 05043F   16067.47428839  .00000692  00000-0  14307-3 0  9994
2 28895  97.8258 246.5623 0017062 176.2966 183.8366 14.63121960552239
NTS (CANX-6)            
1 32784U 08021B   16067.16346677  .00000863  00000-0  10435-3 0  9998
2 32784  97.6162 102.4167 0012948 280.0115  79.9639 14.86086990425251
CUTE-1.7+APD II (CO-65) 
1 32785U 08021C   16066.85437197  .00000921  00000-0  10740-3 0  9996
2 32785  97.6156 105.2678 0011765 276.1080  83.8796 14.87433001425412
COMPASS-1               
1 32787U 08021E   16067.51284081  .00002049  00000-0  20858-3 0  9998
2 32787  97.6164 111.7045 0011402 251.7888 108.2090 14.91760729425904
AAUSAT-II               
1 32788U 08021F   16067.11026319  .00001969  00000-0  19489-3 0  9991
2 32788  97.6170 113.2984 0010847 248.0141 111.9926 14.92932555425968
DELFI-C3 (DO-64)        
1 32789U 08021G   16067.19784595  .00007081  00000-0  53663-3 0  9990
2 32789  97.6155 128.1955 0012638 246.4604 113.5293 15.02506670426683
CANX-2                  
1 32790U 08021H   16067.15899711  .00000922  00000-0  10808-3 0  9996
2 32790  97.6113 104.3059 0012425 276.2695  83.7106 14.87212303425415
SEEDS II (CO-66)        
1 32791U 08021J   16067.09091417  .00001433  00000-0  15565-3 0  9990
2 32791  97.6166 108.3112 0012154 264.0366  95.9467 14.89575038425590
SWISSCUBE               
1 35932U 09051B   16066.86361269  .00000535  00000-0  13299-3 0  9997
2 35932  98.4327 192.8185 0006717 243.0006 117.0505 14.55739239342328
BEESAT                  
1 35933U 09051C   16067.16767678  .00000535  00000-0  13264-3 0  9998
2 35933  98.4349 194.1674 0004754 256.7039 103.3628 14.55891489342462
ITUPSAT 1               
1 35935U 09051E   16067.31314224  .00000518  00000-0  13089-3 0  9998
2 35935  98.4458 194.5618 0007162 247.4887 112.5551 14.55107593342330
TISAT 1                 
1 36799U 10035E   16067.15802747  .00002016  00000-0  21711-3 0  9991
2 36799  98.0216 175.9388 0013787  64.4486 295.8154 14.89565098306234
M-CUBED & EXP-1 PRIME   
1 37855U 11061F   16066.85243425  .00010022  00000-0  55326-3 0  9998
2 37855 101.7185  55.9797 0189644  19.0991 341.7205 15.00235584236642
AAUSAT3                 
1 39087U 13009B   16067.47739990  .00000247  00000-0  10179-3 0  9992
2 39087  98.5889 269.8390 0011490 243.8910 116.1107 14.35310311158569
STRAND-1                
1 39090U 13009E   16067.04030653  .00000134  00000-0  62700-4 0  9992
2 39090  98.5917 269.8297 0008206 241.6287 118.4071 14.34877528158488
BRITE-AUSTRIA           
1 39091U 13009F   16066.58963315  .00000088  00000-0  46474-4 0  9999
2 39091  98.5871 268.9405 0009436 252.5546 107.4608 14.34958773158435
UNIBRITE                
1 39092U 13009G   16066.54778976  .00000080  00000-0  43720-4 0  9996
2 39092  98.5873 268.6544 0008385 244.5800 115.4517 14.34831828158412
AIST-2                  
1 39133U 13015D   16067.47306546  .00000911  00000-0  78553-4 0  9997
2 39133  64.8769 319.9248 0008173 208.7562 207.1189 15.03730443158110
SOMP                    
1 39134U 13015E   16067.50054665  .00007313  00000-0  39695-3 0  9990
2 39134  64.8714 289.9955 0011450 236.6650 123.3380 15.15189537158704
BEESAT-2                
1 39136U 13015G   16066.82744072  .00004086  00000-0  24054-3 0  9991
2 39136  64.8726 297.0362 0011136 234.7457 125.2626 15.13003165158519
NEE-01 PEGASUS          
1 39151U 13018B   16067.46413154  .00000938  00000-0  13269-3 0  9994
2 39151  97.9994 155.5776 0018545 118.2754 242.0331 14.79356001154534
CUBEBUG-1 (CAPITAN BETO)
1 39153U 13018D   16067.45669388  .00001100  00000-0  15295-3 0  9990
2 39153  98.0003 155.9477 0018361 117.2699 243.0385 14.79766553154553
ESTCUBE 1               
1 39161U 13021C   16067.39976969  .00000534  00000-0  93854-4 0  9990
2 39161  98.0531 152.8450 0009341 185.3971 174.7143 14.71569136152091
POPACS 1                
1 39268U 13055D   16066.47385955  .00013014  00000-0  38766-3 0  9999
2 39268  81.0068 134.0804 0678284 145.4014 219.3318 14.24587072125439
POPACS 2                
1 39269U 13055E   16067.53048793  .00013162  00000-0  39759-3 0  9991
2 39269  81.0200 139.8355 0719015 160.9820 201.9768 14.15715033125163
POPACS 3                
1 39270U 13055F   16067.47734631  .00009086  00000-0  29372-3 0  9999
2 39270  81.0224 143.4166 0737382 173.2385 187.9454 14.10348590124914
PHONESAT 2.4            
1 39381U 13064B   16067.04114755  .00050153  00000-0  66037-3 0  9994
2 39381  40.4937 300.0077 0005365 337.9535  22.1055 15.57555996128906
FIREFLY                 
1 39404U 13064AA  16066.99998190  .00031414  00000-0  52083-3 0  9991
2 39404  40.5088 314.4721 0006034 327.3699  32.6747 15.51413062128188
ZACUBE-1 (TSHEPISOSAT)  
1 39417U 13066B   16066.80670412  .00000841  00000-0  11396-3 0  9993
2 39417  97.6936 123.9894 0059656 358.5483   1.5547 14.80264477123628
WNISAT-1                
1 39423U 13066H   16067.36115753  .00000301  00000-0  68764-4 0  9997
2 39423  97.6789  88.9762 0177707  97.8803 264.2611 14.52637310121450
CINEMA-2 (KHUSAT-2)     
1 39424U 13066J   16067.08446765  .00000737  00000-0  11755-3 0  9997
2 39424  97.6836 113.3428 0093992  26.2127 334.3795 14.71843694122980
CINEMA-3 (KHUSAT-2)     
1 39426U 13066L   16067.15842309  .00000585  00000-0  99744-4 0  9997
2 39426  97.6795 109.6167 0106068  36.3767 324.4587 14.68894465122768
TRITON-1                
1 39427U 13066M   16066.85624404  .00000804  00000-0  13749-3 0  9992
2 39427  97.6802 106.6280 0115949  45.2604 315.7967 14.67084819122519
GOMX 1                  
1 39430U 13066Q   16067.31198652  .00000656  00000-0  12852-3 0  9998
2 39430  97.6797  95.9646 0154107  77.1345 284.7026 14.58484838121871
BRITE-PL                
1 39431U 13066R   16067.00738432  .00000314  00000-0  76489-4 0  9999
2 39431  97.6812  81.3251 0204290 122.2515 239.8659 14.46673486120903
HUMSAT-D                
1 39433U 13066T   16066.17394630  .00001336  00000-0  14120-3 0  9994
2 39433  97.7087 135.6851 0030924 333.2922  26.6702 14.90543121124272
EAGLE 2                 
1 39436U 13066W   16067.01711537  .00039908  00000-0  19547-2 0  9993
2 39436  97.7214 151.4066 0016631 278.8183  81.1167 15.17922239125355
VELOX-PII               
1 39438U 13066Y   16067.07410399  .00000772  00000-0  11170-3 0  9995
2 39438  97.6895 120.3429 0071540   7.5339 352.6929 14.77168536123413
CUBEBUG-2 (LO-74)       
1 39440U 13066AA  16067.46914666  .00000986  00000-0  14613-3 0  9999
2 39440  97.6875 117.6994 0081566  14.1333 346.2132 14.75040126123289
NEE-02 KRYSAOR          
1 39441U 13066AB  16066.68521113  .00000579  00000-0  90229-4 0  9990
2 39441  97.6858 116.3294 0082927  18.3797 342.0378 14.74311993123099
FUNCUBE-1 (AO-73)       
1 39444U 13066AE  16066.73454505  .00001011  00000-0  13377-3 0  9999
2 39444  97.6945 124.4142 0058851 357.1979   2.8895 14.80904415122410
UWE-3                   
1 39446U 13066AG  16067.42497144  .00001013  00000-0  14318-3 0  9992
2 39446  97.6898 120.9603 0070996   5.4644 354.7326 14.77558868122262
BRITE-TORONTO           
1 40020U 14033L   16067.55184521  .00000452  00000-0  86198-4 0  9995
2 40020  97.9029 311.4431 0088178  10.9728 349.3372 14.66212347 91715
DUCHIFAT-1              
1 40021U 14033M   16067.28707629  .00002831  00000-0  30592-3 0  9995
2 40021  97.9390 333.5813 0014436  42.3646 317.8683 14.89063698 93096
FLOCK 1C-10             
1 40023U 14033P   16067.38976197  .00000882  00000-0  10248-3 0  9996
2 40023  97.9429 333.4140 0014530  43.4496 316.7841 14.87829570 93072
NANOSATC-BR1            
1 40024U 14033Q   16067.16125420  .00001785  00000-0  19784-3 0  9995
2 40024  97.9364 332.9778 0013624  42.6077 317.6194 14.88505175 93053
QB50P1                  
1 40025U 14033R   16067.51446222  .00001515  00000-0  17162-3 0  9990
2 40025  97.9360 332.9690 0013787  42.6672 317.5612 14.87846817 93081
FLOCK 1C-7              
1 40026U 14033S   16067.48757248  .00001810  00000-0  20168-3 0  9998
2 40026  97.9444 333.6764 0013096  42.0309 318.1958 14.88283812 93103
FLOCK 1C-1              
1 40027U 14033T   16067.39258938  .00000868  00000-0  10060-3 0  9993
2 40027  97.9426 333.4881 0014122  40.4187 319.8063 14.87981949 93086
POPSAT-HIP-1            
1 40028U 14033U   16067.50763279  .00001068  00000-0  12313-3 0  9992
2 40028  97.9389 333.1037 0015305  39.6562 320.5795 14.87725261 93079
FLOCK 1C-2              
1 40029U 14033V   16067.27860100  .00000630  00000-0  74803-4 0  9995
2 40029  97.9430 333.2937 0015541  38.3173 321.9151 14.87919905 93052
FLOCK 1C-4              
1 40031U 14033X   16067.20658629  .00000649  00000-0  76932-4 0  9997
2 40031  97.9427 333.2456 0015786  35.6415 324.5840 14.87904292 93032
QB50P2                  
1 40032U 14033Y   16066.68501953  .00001247  00000-0  14384-3 0  9993
2 40032  97.9350 331.6865 0013082  39.7236 320.4935 14.87409095 92936
FLOCK 1C-11             
1 40033U 14033Z   16067.56498256  .00001968  00000-0  21526-3 0  9999
2 40033  97.9436 333.9271 0013315  34.1747 326.0334 14.88952395 93127
ANTELSAT                
1 40034U 14033AA  16067.42669000  .00000780  00000-0  12532-3 0  9990
2 40034  97.9179 318.2978 0059731 353.8870   6.1608 14.73260571 92190
FLOCK 1C-9              
1 40035U 14033AB  16067.28263695  .00000580  00000-0  69278-4 0  9993
2 40035  97.9444 333.4671 0012829  31.6769 328.5218 14.87981541 93056
FLOCK 1C-6              
1 40036U 14033AC  16067.33809675  .00000644  00000-0  76021-4 0  9999
2 40036  97.9468 333.6036 0013472  32.4577 327.7462 14.88118730 93078
PERSEUS-M2              
1 40037U 14033AD  16067.45616042  .00000525  00000-0  66328-4 0  9994
2 40037  97.9385 331.9864 0015716  37.0399 323.1879 14.85961346 92991
FLOCK 1C-5              
1 40038U 14033AE  16067.48289248  .00000518  00000-0  62332-4 0  9995
2 40038  97.9434 333.6371 0015437  31.3533 328.8612 14.88095128 93083
PERSEUS-M1              
1 40039U 14033AF  16067.40594394  .00000474  00000-0  61087-4 0  9996
2 40039  97.9404 331.7089 0015682  32.0078 328.2045 14.85590023 92972
FLOCK 1C-8              
1 40040U 14033AG  16067.44546661  .00002590  00000-0  27640-3 0  9993
2 40040  97.9454 334.2392 0014350  24.4435 335.7471 14.89652182 93119
FLOCK 1C-3              
1 40041U 14033AH  16067.27763676  .00000584  00000-0  70016-4 0  9999
2 40041  97.9461 333.3786 0014225  28.6820 331.5166 14.87793962 93047
POLYITAN-1              
1 40042U 14033AJ  16067.35819720  .00001938  00000-0  22020-3 0  9996
2 40042  97.9433 332.6707 0015960  30.0399 330.1729 14.87368632 93016
TIGRISAT                
1 40043U 14033AK  16067.56008052  .00000833  00000-0  13187-3 0  9995
2 40043  97.9154 318.9278 0060557 355.6805   4.3873 14.73664812 92100
LEMUR-1                 
1 40044U 14033AL  16067.41710023  .00000828  00000-0  13182-3 0  9997
2 40044  97.9155 318.6666 0059730 356.8471   3.2353 14.73482608 92071
AEROCUBE 6A             
1 40045U 14033AM  16067.40332805  .00001705  00000-0  25898-3 0  9997
2 40045  97.9214 318.9333 0058965 353.0142   7.0239 14.74195502 91939
AEROCUBE 6B             
1 40046U 14033AN  16067.40346412  .00001643  00000-0  25006-3 0  9999
2 40046  97.9207 318.8998 0058379 352.7116   7.3238 14.74190310 92074
UKUBE-1                 
1 40074U 14037F   16067.53155220  .00001010  00000-0  13174-3 0  9994
2 40074  98.3365 156.2433 0005801 110.4545 249.7299 14.82899917 90008
BRITE-PL 2              
1 40119U 14049B   16067.22076498  .00000729  00000-0  94319-4 0  9999
2 40119  97.9653 148.8318 0018015 167.9765 192.1883 14.83840848 83905
FIREBIRD 4              
1 40378U 15003C   16067.22055349  .00013342  00000-0  60780-3 0  9998
2 40378  99.0850 154.8358 0148366 106.2586 255.5018 15.11455588 60370
GRIFEX                  
1 40379U 15003D   16067.50919369  .00011433  00000-0  54018-3 0  9997
2 40379  99.0861 154.6270 0151608 108.0006 253.7807 15.09938874 60393
EXOCUBE                 
1 40380U 15003E   16067.49761398  .00009479  00000-0  45909-3 0  9990
2 40380  99.0894 154.2561 0154236 108.7993 253.0033 15.08885601 60361
DEORBITSAIL             
1 40719U 15032E   16066.68239579  .00001495  00000-0  22781-3 0  9992
2 40719  98.0296 319.1563 0015962 202.2591 157.7927 14.75325405 35371
FLOCK 1E-2              
1 40722U 98067GE  16065.55779821  .47056096  12829-4  35318-3 0  9993
2 40722  51.6158 187.3602 0006346 336.4790  29.3138 16.52362311 37030
FLOCK 1E-1              
1 40723U 98067GF  16067.55211817  .00153723  00000-0  86663-3 0  9999
2 40723  51.6279 187.9454 0004103 357.0584  94.5326 15.78180341 37159
FLOCK 1E-4              
1 40724U 98067GG  16067.36495104  .00092776  00000-0  57413-3 0  9993
2 40724  51.6365 189.7160 0003435 331.9356 130.0040 15.76307917 37118
FLOCK 1E-3              
1 40725U 98067GH  16067.58480134  .00106049  00000-0  56552-3 0  9997
2 40725  51.6315 185.1519 0004795 339.5999 111.9392 15.79576628 37162
FLOCK 1E-7              
1 40726U 98067GJ  16067.37010650  .00069488  00000-0  47885-3 0  9991
2 40726  51.6352 190.4935 0002208  37.5321  70.0441 15.73954100 36951
FLOCK 1E-8              
1 40727U 98067GK  16067.54066066  .00093906  00000-0  55564-3 0  9998
2 40727  51.6360 187.9199 0002388  25.1824  61.5672 15.77321137 36991
FLOCK 1E-5              
1 40728U 98067GL  16067.45409527  .00073502  00000-0  49099-3 0  9998
2 40728  51.6352 189.5313 0003138  22.4788  92.4418 15.74650566 36979
FLOCK 1E-6              
1 40729U 98067GM  16067.57615001  .00083435  00000-0  52456-3 0  9995
2 40729  51.6359 188.1413 0003095  11.4550  75.7872 15.75991941 37010
FLOCK 1E-10             
1 40737U 98067GP  16067.37527735  .00072637  00000-0  49573-3 0  9996
2 40737  51.6371 190.5394 0001254   2.6344 104.7686 15.74162675 36946
FLOCK 1E-11             
1 40738U 98067GQ  16067.52425410  .00066204  00000-0  41462-3 0  9993
2 40738  51.6333 187.0381 0003891 359.7871  82.6633 15.76168655 36821
FLOCK 1E-12             
1 40739U 98067GR  16067.56659632  .00071929  00000-0  49072-3 0  9998
2 40739  51.6364 189.6132 0004029  12.1068  72.5008 15.74167397 36802
FLOCK 1E-13             
1 40740U 98067GS  16067.56793845  .00056837  00000-0  38694-3 0  9994
2 40740  51.6357 188.8722 0001409  91.2866 353.8079 15.74318986 36798
FLOCK 1E-14             
1 40741U 98067GT  16067.36864221  .00074926  00000-0  49300-3 0  9995
2 40741  51.6371 189.7602 0002251  14.9283  83.9548 15.74993732 36759
SERPENS                 
1 40897U 98067GX  16067.52910101  .00451821  87286-4  15199-2 0  9990
2 40897  51.6290 188.7346 0007097 306.1275  53.9073 15.89457866 26865
S-CUBE                  
1 40898U 98067GY  16067.52899959  .00067098  00000-0  63000-3 0  9997
2 40898  51.6370 197.8506 0005590 215.7481 144.3141 15.66513467 26747
LEMUR-2 JOEL            
1 40932U 15052C   16066.49373504  .00001866  00000-0  16936-3 0  9994
2 40932   6.0058 326.5041 0013131 113.7506 246.4330 14.76983146 23738
LEMUR-2 CHRIS           
1 40933U 15052D   16067.08378032  .00002205  00000-0  21519-3 0  9993
2 40933   6.0054 322.0075 0013722 123.9782 236.1695 14.77154719 23825
LEMUR-2 JEROEN          
1 40934U 15052E   16066.49354595  .00001521  00000-0  12426-3 0  9993
2 40934   6.0056 327.6144 0010435 110.0333 250.1442 14.76368276 23698
LEMUR-2 PETER           
1 40935U 15052F   16066.98619810  .00001852  00000-0  17179-3 0  9999
2 40935   6.0010 324.4411 0009507 113.8769 246.2214 14.76172669 23774
EXACTVIEW 9             
1 40936U 15052G   16067.40714454  .00001250  00000-0  87455-4 0  9995
2 40936   6.0002 321.7063 0010049 111.5261 248.6182 14.75964789 23843
AAUSAT 5                
1 40948U 98067GZ  16067.52046758  .01047666  55822-3  19344-2 0  9990
2 40948  51.6277 187.9022 0009687 321.4297  38.6020 16.00567392 24163
GOMX 3                  
1 40949U 98067HA  16067.53102956  .00104037  00000-0  89228-3 0  9994
2 40949  51.6379 196.3721 0005131 221.6304 138.4303 15.68561562 24065
FLOCK 2B-1              
1 40950U 98067HB  16067.43728763  .00087967  00000-0  74387-3 0  9997
2 40950  51.6388 197.2531 0004789 261.9341  98.1113 15.68979573 23955
FLOCK 2B-2              
1 40951U 98067HC  16067.49261699  .00078132  00000-0  66910-3 0  9991
2 40951  51.6372 196.8673 0004612 250.4251 109.6249 15.68722308 23960
FLOCK 2B-3              
1 40952U 98067HD  16067.53662990  .00073317  00000-0  64760-3 0  9997
2 40952  51.6378 197.1643 0003047 252.1223 107.9442 15.67998184 23947
FLOCK 2B-4              
1 40953U 98067HE  16067.42207581  .00067392  00000-0  60190-3 0  9996
2 40953  51.6377 197.9015 0002794 241.4301 118.6414 15.67761089 23922
FLOCK 2B-5              
1 40954U 98067HF  16067.43548762  .00073087  00000-0  62969-3 0  9991
2 40954  51.6378 197.2455 0006136 215.0615 144.9978 15.68592217 23927
FLOCK 2B-6              
1 40955U 98067HG  16067.50017491  .00097065  00000-0  81890-3 0  9996
2 40955  51.6354 197.6581 0004482 253.6276 106.4228 15.68996124 23925
FLOCK 2B-7              
1 40956U 98067HH  16067.52992997  .00076775  00000-0  63618-3 0  9995
2 40956  51.6370 196.3648 0005426 242.5097 117.5349 15.69524374 23899
FLOCK 2B-8              
1 40957U 98067HJ  16067.37215722  .00245555  00000-0  17272-2 0  9991
2 40957  51.6374 195.2992 0003164 218.0269 142.0507 15.72831604 23890
FLOCK 2B-10             
1 40962U 98067HK  16067.52249729  .00075622  00000-0  66326-3 0  9999
2 40962  51.6376 197.0732 0006235 233.0041 127.0386 15.68141507 23807
FLOCK 2B-9              
1 40963U 98067HL  16067.53103365  .00071134  00000-0  62504-3 0  9994
2 40963  51.6376 197.1272 0006370 244.5581 115.4757 15.68120518 23806
FLOCK 2B-13             
1 40979U 98067HM  16067.54044558  .00066703  00000-0  59502-3 0  9990
2 40979  51.6386 197.2003 0006780 228.2631 131.7787 15.67773212 23704
FLOCK 2B-14             
1 40980U 98067HN  16067.51022947  .00082152  00000-0  67617-3 0  9999
2 40980  51.6368 196.2307 0005858 235.8077 124.2365 15.69656341 23710
ATHENOXAT 1             
1 41168U 15077C   16067.02928743  .00005828  00000-0  31440-3 0  9993
2 41168  14.9887 336.9097 0014253  29.8304  81.4723 15.09254826 12298
GALASSIA                
1 41170U 15077E   16066.31598065  .00005371  00000-0  28165-3 0  9990
2 41170  14.9862 341.5938 0014517  33.3149 326.8446 15.09847896 12192
VELOX 2                 
1 41171U 15077F   16066.06837542  .00003866  00000-0  20180-3 0  9995
2 41171  14.9902 344.8157 0009970  12.3551 347.7129 15.08189568 12147
AGGIESAT 4              
1 41313U 98067HP  16066.57804016  .00021843  00000-0  31455-3 0  9991
2 41313  51.6432 209.5083 0005567 189.2299 170.8591 15.55948558  5736
BEVO 2                  
1 41314U 98067HQ  16067.53326996  .00034069  00000-0  47362-3 0  9993
2 41314  51.6358 204.6278 0004913 202.6617 157.4251 15.56648764  5689
    
1 41314U 98067HQ  16050.13025139  .00038444  00000-0  55114-3 0  9991
2 41314  51.6391 291.6491 0006135 130.6991 229.4538 15.55749527  2977
